Dataset name: twitch_ptbr

Cliques larger than 3: 

	[1226, 63, 261, 32]
	[682, 1374, 1196, 166]
	[1580, 496, 1357, 253]
	[127, 290, 1320, 500]
	[67, 127, 1758, 546]
	[127, 423, 894, 600]
	[467, 1297, 1821, 727]
	[510, 48, 1337, 1395, 1839, 1045, 791]
	[318, 471, 1423, 937]
	[127, 467, 1433, 1821, 985]
	[1259, 1660, 1297, 1075]
	[287, 1259, 1142, 1141]
	[127, 335, 467, 1297, 1450]
	[45, 127, 290, 1739, 1320, 1542]
	[11, 67, 315, 868, 1494, 1544]
	[436, 820, 1608, 1752]
	[1166, 1764, 1254, 1230, 952, 1880]
